3092
5447
9640
116631
116805
116584
116805
116631
1473
2912
3092
2912
5447
4436
3881
5434
7607
3031
3693
4463
51172
46515
81065
81852
81065
97649
97278
95501
93805
95501
93747
95501
97804
99473
93747
93429
96468
93805
93747
106278
109074
110395
110960
111497
110960
110672
109074
106278
109074
110003
112961
114724
115033
115438
115033
114341
115033
113136
112716
112961
85727
82363
83081
83153
85792
88714
85792
85258
8903
9884
13209
23015
23767
24608
28360
28380
25428
23453
23416
24608
28358
28360
72105
74666
73555
71075
71053
69673
67927
67275
71795
69732
70497
69483
69732
32349
34444
33579
34444
35904
31592
33152
33579
33347
34045
33160
33347
36188
61317
21861
21770
21060
23522
22783
29997
33694
29997
22783
17959
17884
16228
100345
102485
102978
105881
106723
107556
106985
104139
100064
45238
50099
52419
51576
50371
45556
42913
53253
54301
54751
54463
53253
41037
38827
39953
3179
4427
6686
8886
66657
68702
71683
68702
66657
68002
61932
68002
68282
68245
71352
68245
68862
70090
68933
67464
68002
59196
60823
61932
60823
59449
56243
65936
65109
61789
73334
105199
106032
112724
106032
116727
112724
110991
109492
109857
107259
105199
102422
14135
13954
12828
11484
12706
12387
10826
8645
8102
3419
1562
5364
6537
8645
51839
52633
60000
58484
51839
71908
75323
42911
40526
42911
42806
43103
27628
26634
27628
28199
30277
64241
64394
60742
94114
94160
94005
90982
75695
76267
76952
77512
78159
78493
54682
55705
57283
58188
57283
55705
55282
55687
56633
55687
55282
53740
61084
59747
59747
59803
59316
61359
60965
59199
100453
102488
100453
95947
100453
97165
95853
94779
95853
99848
102098
103413
104732
102488
101769
101958
102532
102281
101769
21281
23693
26069
21281
26069
27100
27890
26069
61281
68756
75458
78527
80331
83895
89908
89937
89908
94376
97433
94376
87585
85829
85670
87833
87585
94376
104858
104521
22109
21444
19587
18543
17593
17378
16537
13701
12770
12770
12843
14146
15474
16611
17651
18216
18673
21248
21393
20535
20042
17874
17874
16870
15510
13847
12486
12413
11407
9007
7588
13147
9677
35350
35550
34088
31681
34088
35550
36962
37740
36962
37826
36962
36046
34693
36850
34693
33018
34693
32246
30883
32246
30343
29655
28734
109111
110997
109268
112122
110997
112122
112623
113638
84345
80816
80170
80816
81693
83207
81693
81833
81126
79992
81126
81833
84380
85112
87808
86414
87808
85112
84380
83207
84379
85693
86974
87933
88794
79101
79992
80463
81008
12653
12225
12484
14240
13884
42799
42402
42313
43109
43813
45336
47431
46390
48356
49402
49841
51069
52943
53740
56343
57936
64962
68895
72571
17678
11001
9236
2021
102333
101772
105319
108431
103227
49593
51233
53229
51056
49593
111169
110538
110609
111022
110351
111104
111944
111104
111944
111022
111944
111104
109754
109937
49583
50583
50335
48455
47908
54872
57632
54879
54872
54879
49583
46146
46750
47908
49583
55642
55434
24305
25985
25606
23685
24305
24327
27072
27654
28910
28103
27288
25985
74785
73714
76333
72622
76333
76470
76600
74395
75264
76297
75141
73273
75141
76297
78384
75177
77634
78384
74395
45688
44700
44248
41075
36145
33449
30060
91919
91971
91262
91971
92791
93194
92420
91971
23467
102989
31216
30419
30419
32578
31216
32578
34769
30867
29651
30867
34769
39863
37447
59929
61585
62322
63613
61199
61585
80000
80582
78914
78639
107089
112405
70638
83000
80883
79593
79882
80628
81377
80628
79882
79593
80883
83000
81377
84012
86742
87108
88048
87108
86742
86032
84970
85423
80894
80569
80343
80473
26727
27366
26727
26311
25930
25336
25930
25281
24436
25336
26207
26207
27989
22957
22845
22509
22449
25336
22449
22549
22797
23123
28614
29038
28716
27913
29038
99240
102395
105858
102395
99240
98495
99240
93015
88866
86929
88866
90098
92609
99240
112158
113881
112748
112440
109176
107354
113881
113963
1067
677
109427
112029
113963
18246
18614
18532
17358
15863
14328
13268
13531
14328
13531
14632
15863
14632
14668
14576
18532
14576
14354
19343
19812
20070
19167
12777
8068
5165
6867
765
5165
5348
7083
6867
27530
27321
113246
112948
111188
109285
107380
107608
109285
111954
113368
6193
5586
5742
7097
8198
9487
7884
4906
3786
118268
116771
115830
114971
115738
116928
116771
39429
39757
38170
37229
36917
35264
31685
30438
37677
38070
38170
42515
42828
43409
17440
18597
19921
19780
117452
115102
116231
78401
78265
78401
80112
80763
81266
82396
82514
82729
84143
86228
87073
86670
85696
85927
87261
79374
78104
91117
90595
91726
92175
78072
77450
76852
77233
76276
77070
77622
77516
79593
86263
88048
89962
92946
49641
51437
51362
97365
96757
97365
96837
88635
89931
90185
89931
90496
92041
89931
92041
92855
93864
93506
92041
93506
90185
89642
89341
94141
93683
93085
94141
21421
20894
20205
20455
20889
25428
18907
16852
18724
16083
90422
90568
77952
76440
74946
82273
10064
10670
8796
1599
118322
110838
110130
114996
2484
57399
54539
50801
50372
50801
54539
57399
55219
55203
54061
53910
58001
59774
62956
65378
67301
46733
48319
46733
41704
48319
53910
48319
46853
44471
44127
85822
82080
77055
79822
75097
72607
77055
39953
44816
46651
50191
52727
48774
45941
42913
58948
57380
57757
60129
61941
63090
63608
63090
61941
64238
65474
64238
61941
66249
68520
72220
68520
66249
69701
71957
41312
39794
35228
34481
39794
44382
97886
